39.9510612	-75.1656189
52.6682396	-1.003571
46.2038116	6.1399651
51.5001526	-0.126236
55.9501915	-3.1875529
51.4891129	-0.11067
53.1946983	5.645
40.83998	14.25254
51.0343895	2.3768051
53.410778	-2.977838
51.5001526	-0.126236
51.5001526	-0.126236
51.4109726	-0.834926
51.4553146	-2.591902
51.5001526	-0.126236
51.7004471	-3.038795
53.3440971	-6.2674861
51.5001526	-0.126236
51.8978729	-8.4710875
51.8998375	-0.202583
50.8069267	-2.332969
51.8716812	0.363395
51.807682	-1.63666
51.5001526	-0.126236
56.4614296	-2.968111
52.5853348	-2.1319251
51.5001526	-0.126236
51.5001526	-0.126236
48.16244	16.38143
53.0064583	-1.127903
54.8950615	-2.933553
52.6281013	1.299349
39.9897499	-75.1177521
51.7537422	-1.26346
51.5391884	-0.142505
51.5001526	-0.126236
48.8568954	2.3508489
53.2348633	-0.538436
51.2376442	-0.205832
50.9049644	-1.403234
51.5001526	-0.126236
52.1920357	-2.223532
53.3440971	-6.2674861
51.4815407	-0.026526
50.958004	1.852443
51.7358475	0.469706
55.8656845	-4.2571378
52.4828987	-1.8934619
55.9421501	-3.053745
51.5001526	-0.126236
46.51963	6.63213
52.526207	-7.138628
53.1336975	-1.006416
46.5110054	6.4999728
38.2560768	-85.7515717
53.1914558	-2.8950069
46.578743	0.338475
51.5001526	-0.126236
51.4787903	-0.010677
50.7603188	-3.8099051
53.2348633	-0.538436
51.5001526	-0.126236
52.4828987	-1.8934619
52.6468391	0.688471
52.6281013	1.299349
54.4850807	-0.617072
53.392662	-2.587003
51.5001526	-0.126236
52.0593071	1.155672
50.8069267	-2.332969
51.5001526	-0.126236
51.5001526	-0.126236
51.5001526	-0.126236
50.798912	-1.091163
51.58932	4.77447
51.5001526	-0.126236
53.4430008	-1.949
51.5001526	-0.126236
51.5001526	-0.126236
51.5568504	-0.178441
52.0593071	1.155672
51.5568504	-0.178441
51.5001526	-0.126236
51.5001526	-0.126236
51.277256	1.0804549
42.3589935	-71.0586319
53.2348633	-0.538436
51.5001526	-0.126236
52.6281013	1.299349
52.4828987	-1.8934619
55.75654	37.61492
51.5001526	-0.126236
50.2831268	-3.777514
53.410778	-2.977838
53.3830566	-1.464795
50.2136459	-5.3007808
52.6281013	1.299349
52.6281013	1.299349
51.5001526	-0.126236
51.5001526	-0.126236
51.5001526	-0.126236
51.380722	0.529774
56.0348167	9.3190718
51.5001526	-0.126236
55.5456123	-2.014524
55.5456123	-2.014524
52.33923	-6.46004
51.5001526	-0.126236
51.3881645	-0.507758
51.3881645	-0.507758
51.5001526	-0.126236
52.2262764	-2.738728
53.3440971	-6.2674861
51.5001526	-0.126236
51.5001526	-0.126236
50.6087952	-2.4541459
47.5596161	7.5806112
51.5001526	-0.126236
38.0310478	-78.4741592
52.9133453	-2.0387261
51.5001526	-0.126236
51.5001526	-0.126236
51.5001526	-0.126236
53.9577446	-1.0822591
55.9501915	-3.1875529
55.9501915	-3.1875529
50.8195229	-0.13642
52.9869728	-3.039403
53.3440971	-6.2674861
51.5001526	-0.126236
51.5001526	-0.126236
57.1474762	-2.095396
52.3953362	-0.727849
50.3703804	-4.142653
51.5001526	-0.126236
52.2204247	1.342106
51.5001526	-0.126236
51.5001526	-0.126236
51.616	-8.89504
53.9577446	-1.0822591
51.22056	4.39931
54.8807487	-4.187119
51.5001526	-0.126236
51.5001526	-0.126236
-31.95224	115.8613968
55.9501915	-3.1875529
55.9501915	-3.1875529
52.6682396	-1.003571
52.7642517	-0.88565
51.5001526	-0.126236
53.410778	-2.977838
42.3589935	-71.0586319
53.9577446	-1.0822591
51.5001526	-0.126236
53.3440971	-6.2674861
45.4204216	-75.6924286
53.3440971	-6.2674861
51.5001526	-0.126236
55.0177689	-1.422886
55.9501915	-3.1875529
54.1387749	-1.5242701
51.5001526	-0.126236
54.0972023	13.3879375
52.634861	-1.12906
47.3670006	8.5500002
52.0417557	0.728226
51.5001526	-0.126236
54.3267899	-2.7475779
51.5001526	-0.126236
52.8443489	-8.9829941
55.9501915	-3.1875529
51.20942	3.2252
51.481308	-3.1804979
51.5001526	-0.126236
51.4663773	0.008342
51.5001526	-0.126236
52.6682396	-1.003571
55.7704201	-2.005266
51.5001526	-0.126236
51.5001526	-0.126236
55.9501915	-3.1875529
52.3953362	-0.727849
51.5001526	-0.126236
51.5001526	-0.126236
55.9501915	-3.1875529
51.5001526	-0.126236
50.9049644	-1.403234
52.37317	4.89066
47.16752	7.71749
53.7996902	-1.549103
55.94804	-4.7603278
51.5001526	-0.126236
51.5001526	-0.126236
50.67714	3.29765
52.2025452	0.131237
51.2364197	-0.570291
55.9501915	-3.1875529
55.9501915	-3.1875529
51.4815407	-0.026526
52.9551163	-1.1491669
50.3703804	-4.142653
51.5001526	-0.126236
51.45504	-0.969088
50.3703804	-4.142653
51.4553146	-2.591902
52.1920357	-2.223532
51.5001526	-0.126236
54.9778404	-1.612916
51.3881645	-0.507758
51.7311287	0.674489
51.2364197	-0.570291
53.5230408	-1.133762
53.3440971	-6.2674861
50.7577515	-1.548951
51.5001526	-0.126236
51.5001526	-0.126236
51.5349693	-0.103746
53.2348633	-0.538436
53.9375648	-2.5189979
51.5001526	-0.126236
51.5001526	-0.126236
51.5001526	-0.126236
52.8519592	-2.03231
50.7338104	-1.776023
51.5001526	-0.126236
53.3440971	-6.2674861
53.3440971	-6.2674861
51.5001526	-0.126236
51.5001526	-0.126236
51.5001526	-0.126236
11.4318	76.73481
51.5001526	-0.126236
50.7603188	-3.8099051
53.410778	-2.977838
51.5001526	-0.126236
50.7995872	-3.188925
53.410778	-2.977838
51.5001526	-0.126236
51.5001526	-0.126236
55.8656845	-4.2571378
51.5001526	-0.126236
53.1336975	-1.006416
51.22056	4.39931
53.928196	-1.672763
53.7996902	-1.549103
54.190094	-1.419106
51.5001526	-0.126236
51.4553146	-2.591902
52.2412148	-3.380733
46.8494873	9.530673
51.5001526	-0.126236
51.22056	4.39931
53.5654449	-0.075187
42.9816589	-70.9506454
51.5001526	-0.126236
53.8696251	10.6875868
51.2699585	0.19308
50.8069267	-2.332969
52.8051414	-2.1163471
52.6281013	1.299349
51.2703362	0.523841
50.8036232	0.250105
51.5001526	-0.126236
52.7542992	0.3976
47.798378	3.574482
52.3720665	9.7356863
51.4925194	-0.258525
53.26872	-9.06037
51.5001526	-0.126236
54.5972672	-5.930109
51.4553146	-2.591902
52.7066727	-2.518121
51.5001526	-0.126236
51.5001526	-0.126236
49.19651	-2.12715
51.5001526	-0.126236
47.3272133	5.0440412
54.2801361	-0.402401
51.5700531	8.1082869
54.15329	-4.53249
51.5001526	-0.126236
51.5001526	-0.126236
51.0805817	-4.058228
51.5001526	-0.126236
51.5001526	-0.126236
51.5001526	-0.126236
53.410778	-2.977838
51.714119	-1.966539
53.2348633	-0.538436
55.9501915	-3.1875529
56.3452072	-5.1121292
55.8656845	-4.2571378
55.8656845	-4.2571378
56.3452072	-5.1121292
51.8978729	-8.4710875
56.3452072	-5.1121292
55.9501915	-3.1875529
51.5001526	-0.126236
52.6682396	-1.003571
55.9501915	-3.1875529
54.9750786	-2.248445
51.5001526	-0.126236
51.14851	-0.646918
56.724823	-2.918926
-34.8360329	138.5121765
52.5014725	13.402317
39.9510612	-75.1656189
50.9049644	-1.403234
51.5001526	-0.126236
53.9577446	-1.0822591
53.9577446	-1.0822591
55.9501915	-3.1875529
51.5001526	-0.126236
51.5901985	-0.017402
50.7668686	0.284804
39.1036987	-84.5136108
51.4553146	-2.591902
52.84435	-8.98299
51.4787903	-0.010677
55.8656845	-4.2571378
52.0105	4.35699
55.9501915	-3.1875529
44.646244	-63.5735664
55.9797897	-3.1736741
55.9501915	-3.1875529
55.9501915	-3.1875529
50.3703804	-4.142653
53.3440971	-6.2674861
50.3126335	-5.2034798
55.9501915	-3.1875529
53.3440971	-6.2674861
49.19651	-2.12715
51.5001526	-0.126236
51.5001526	-0.126236
51.2651939	-2.2870381
53.3006935	-2.3725359
51.5001526	-0.126236
50.6923218	-1.509201
55.9501915	-3.1875529
57.1474762	-2.095396
52.5086708	-2.0873351
51.5001526	-0.126236
51.5001526	-0.126236
51.7853394	-0.812124
51.4553146	-2.591902
51.5349693	-0.103746
51.5001526	-0.126236
51.4553146	-2.591902
51.5001526	-0.126236
51.5001526	-0.126236
48.8568954	2.3508489
22.73885	88.38524
50.3703804	-4.142653
51.4553146	-2.591902
55.9501915	-3.1875529
55.9501915	-3.1875529
53.7577286	-2.70344
51.0655975	-1.287414
51.5001526	-0.126236
55.9501915	-3.1875529
50.3900375	-4.0586438
51.5001526	-0.126236
51.5001526	-0.126236
51.5001526	-0.126236
51.5001526	-0.126236
54.9778404	-1.612916
51.5001526	-0.126236
52.7542992	0.3976
51.5001526	-0.126236
51.5001526	-0.126236
55.9501915	-3.1875529
52.9551163	-1.1491669
54.7761002	-1.5733
54.1550293	-3.184931
51.5176506	-0.160666
51.5001526	-0.126236
51.5001526	-0.126236
47.747654	-3.3647161
51.5001526	-0.126236
55.9501915	-3.1875529
51.5001526	-0.126236
51.2364197	-0.570291
53.5442696	-2.631063
51.5001526	-0.126236
51.2329102	-0.329744
52.6638565	-8.6267729
52.9551163	-1.1491669
52.9551163	-1.1491669
52.6281013	1.299349
51.3726997	-0.1099
43.77485	11.23864
51.5001526	-0.126236
51.5001526	-0.126236
26.2993584	-98.1627045
51.5001526	-0.126236
-17.76223	31.07784
51.5001526	-0.126236
51.5001526	-0.126236
43.6476479	0.585048
51.5001526	-0.126236
51.5001526	-0.126236
51.5001526	-0.126236
50.9049644	-1.403234
53.3440971	-6.2674861
54.8248444	-3.161231
52.4554749	-2.1431739
51.22056	4.39931
51.5001526	-0.126236
51.5001526	-0.126236
51.5001526	-0.126236
51.5001526	-0.126236
51.5001526	-0.126236
55.9501915	-3.1875529
54.086689	-1.757728
54.8248444	-3.161231
51.5001526	-0.126236
50.8366394	-0.780178
51.5001526	-0.126236
54.8950615	-2.933553
51.5001526	-0.126236
51.5001526	-0.126236
51.5001526	-0.126236
51.5001526	-0.126236
53.7443428	-0.332443
53.5665779	-2.8869121
51.5001526	-0.126236
54.9044495	-1.381453
51.5001526	-0.126236
51.5001526	-0.126236
52.6281013	1.299349
50.4682274	-3.5322261
53.7443428	-0.332443
51.5001526	-0.126236
50.8069267	-2.332969
55.9501915	-3.1875529
51.5001526	-0.126236
47.0695496	15.4381828
51.5001526	-0.126236
51.5001526	-0.126236
51.5001526	-0.126236
-29.80229	30.98544
53.5412483	-2.11766
55.9493523	-4.5509839
53.1979637	-2.733439
52.1625595	-0.49431
41.560379	-71.4450378
53.410778	-2.977838
51.4860001	-0.31
53.4807129	-2.234376
51.6579056	-0.270479
51.3848839	-2.361969
51.5001526	-0.126236
52.6281013	1.299349
51.5001526	-0.126236
51.4553146	-2.591902
51.5001526	-0.126236
55.2780457	-4.7252498
50.8069267	-2.332969
51.5001526	-0.126236
51.22056	4.39931
50.7218018	-3.533617
53.9577446	-1.0822591
51.8470154	-1.353502
51.5001526	-0.126236
51.7537422	-1.26346
51.5001526	-0.126236
51.5001526	-0.126236
51.22056	4.39931
51.22056	4.39931
51.5457878	-0.055418
51.5457878	-0.055418
40.35329	18.17401
47.9958191	10.7763672
39.5035515	-99.0183029
51.5001526	-0.126236
51.8667412	-2.2486701
50.375927	-4.1799159
51.5001526	-0.126236
52.6281013	1.299349
51.5001526	-0.126236
51.5001526	-0.126236
48.8568954	2.3508489
41.89056	12.49427
51.5001526	-0.126236
51.5001526	-0.126236
51.4874725	-0.168683
51.7537422	-1.26346
51.5001526	-0.126236
-43.41935	172.62989
51.5001526	-0.126236
39.8984909	-75.3438797
51.7959671	-0.078882
51.7959671	-0.078882
51.5001526	-0.126236
42.6454277	-71.3074036
51.5001526	-0.126236
57.118824	-2.1728289
50.7218018	-3.533617
51.4891129	-0.11067
51.747509	-3.378051
51.4553146	-2.591902
51.481308	-3.1804979
53.410778	-2.977838
51.5001526	-0.126236
51.0883026	-2.5152259
53.392662	-2.587003
51.5001526	-0.126236
52.2819443	-1.584471
51.5001526	-0.126236
52.9218979	-1.475642
51.5001526	-0.126236
51.5001526	-0.126236
47.22381	38.90844
50.1108856	8.679492
41.89056	12.49427
53.5442696	-2.631063
40.713047	-74.0072327
51.4752007	-0.338743
53.7996902	-1.549103
52.1920357	-2.223532
51.5001526	-0.126236
52.2348366	-0.897323
51.5001526	-0.126236
51.56667	19.48929
51.45504	-0.969088
46.05698	13.23557
-34.50827	-58.81488
55.9501915	-3.1875529
45.5026	8.42202
51.5221558	6.9242492
41.8832283	-87.6324005
51.4787903	-0.010677
50.61656	4.44527
55.9501915	-3.1875529
50.9049644	-1.403234
2.7201459	101.9428482
54.8950615	-2.933553
51.5001526	-0.126236
34.0522385	-118.2433472
47.2069588	7.5333118
37.8847237	-4.7791271
42.2513847	-71.0023346
52.6281013	1.299349
51.5001526	-0.126236
49.1138573	0.996119
59.85707	30.02653
42.1279526	-80.0825806
52.37317	4.89066
51.4800835	-0.198593
54.5730057	-1.237911
35.1706886	136.8816071
50.447731	30.542717
13.4218616	108.2577972
49.8949966	21.0538502
46.7813	23.57124
43.7034264	7.2662649
50.8501015	-1.7807961
53.7996902	-1.549103
50.8553467	0.572475
51.7537422	-1.26346
53.5049171	13.7487917
38.8920631	-77.0199127
53.4302025	-1.356846
54.8950615	-2.933553
36.71944	4.02651
51.4560013	-0.301
53.410778	-2.977838
52.5014725	13.402317
52.634861	-1.12906
43.5099487	-76.0038528
46.8141823	-71.207428
51.5001526	-0.126236
51.5001526	-0.126236
53.3440971	-6.2674861
51.5001526	-0.126236
47.6032295	-122.3302765
56.5789	12.55341
45.51816	9.1055
32.6712036	-117.106308
45.06837	7.68307
48.8568954	2.3508489
48.8568954	2.3508489
51.4874725	-0.168683
49.0758858	3.63959
51.8796501	-0.417558
51.4263039	-0.052753
53.5836906	9.6986723
43.94352	10.91999
56.338913	-2.7989249
33.7717133	-118.1813126
49.2898216	10.660182
40.4959488	-74.4441223
54.3267899	-2.7475779
51.0473061	-114.0579681
47.5921707	0.912554
52.03788	4.3565
48.7771072	9.180769
53.097023	12.8929434
42.2071266	-71.0042114
51.8101692	0.56658
53.7996902	-1.549103
51.5001526	-0.126236
48.17995	13.63512
51.5001526	-0.126236
51.5001526	-0.126236
40.4421692	-79.994957
62.5723763	-96.5671692
50.8195229	-0.13642
54.6824913	-1.216697
51.0932808	10.3802929
51.3396912	12.371356
51.5001526	-0.126236
51.5001526	-0.126236
51.5568504	-0.178441
-29.857	31.02479
51.5001526	-0.126236
-26.03026	27.9249
41.8832283	-87.6324005
46.6237869	2.4555581
51.5001526	-0.126236
53.7996902	-1.549103
51.5	-0.19
52.0905923	-1.9384833
48.8568954	2.3508489
51.621582	-3.9433689
51.5001526	-0.126236
50.281	19.01656
51.0655975	-1.287414
59.85707	30.02653
59.85707	30.02653
51.5001526	-0.126236
59.85707	30.02653
44.54459	16.381
51.5001526	-0.126236
59.85707	30.02653
46.1194763	14.8220053
51.3317032	6.5593538
50.8302193	-0.167831
51.8101692	0.56658
41.5055466	-81.6914978
55.1692963	-114.5118027
45.06837	7.68307
54.485527	-3.528861
53.5230408	-1.133762
51.5001526	-0.126236
47.9971848	7.8537669
44.3679886	0.460772
51.7073212	-1.775496
56.0006676	-3.784359
51.0046272	-0.93394
41.6282921	-71.5188065
51.4439125	0.219727
51.5001526	-0.126236
49.341404	2.087713
53.2348633	-0.538436
24.8719387	66.98806
51.5999985	17.2000008
51.5001526	-0.126236
38.11463	15.6502
40.4421692	-79.994957
52.03788	4.3565
-26.03026	27.9249
46.8141823	-71.207428
-26.03026	27.9249
52.4828987	-1.8934619
51.5001526	-0.126236
41.96553	12.45433
48.791172	2.2893729
41.8244629	-71.4127502
49.7392387	15.3318014
42.3589935	-71.0586319
50.798912	-1.091163
13.07209	80.20186
-41.7537003	171.5980072
52.07593	6.59648
46.6237869	2.4555581
48.8568954	2.3508489
54.5682259	-1.3144341
4.790771	-58.9777031
51.5001526	-0.126236
-25.7281036	134.4901886
55.8656845	-4.2571378
51.2364197	-0.570291
52.0105	4.35699
41.67814	13.3473
53.5538406	9.9916477
51.20942	3.2252
48.9442825	2.250952
51.4415855	-0.209846
52.9218979	-1.475642
49.493618	-117.2954178
49.1204224	0.110176
51.5001526	-0.126236
56.4679363	-2.9107676
51.0923729	-0.711758
-37.8014717	145.030899
50.30777	5.11946
53.8248405	-1.429116
51.3726997	-0.1099
38.6353569	-90.2009888
57.6890717	-4.1693859
52.9551163	-1.1491669
53.0257759	-2.1773951
53.7996902	-1.549103
48.8568954	2.3508489
53.410778	-2.977838
51.8979912	-2.0713079
46.72737	15.62519
52.634861	-1.12906
48.8568954	2.3508489
51.5001526	-0.126236
50.8195229	-0.13642
41.8687325	-80.786644
48.8338318	2.243232
53.3830566	-1.464795
44.6399574	-89.7329788
51.5001526	-0.126236
51.5001526	-0.126236
43.07195	12.55251
53.9375648	-2.5189979
36.0727005	-79.7938995
50.75453	3.23179
43.6518936	-79.3817139
47.0892525	5.4878411
51.9453583	-0.017605
34.0522385	-118.2433472
47.5596161	7.5806112
46.8141823	-71.207428
39.9510612	-75.1656189
39.08133	26.37398
-22.90145	-43.17892
55.8656845	-4.2571378
55.8656845	-4.2571378
52.4717789	1.709366
55.8656845	-4.2571378
39.5035515	-99.0183029
45.5090637	-73.55336
40.8110046	0.520997
40.21359	-8.40355
51.5001526	-0.126236
51.5001526	-0.126236
51.7537422	-1.26346
51.5001526	-0.126236
52.1024628	0.675399
51.2364197	-0.570291
54.5972672	-5.930109
49.6544991	1.026188
52.0559921	-2.7175469
52.3499641	-1.581131
52.6468391	0.688471
51.5001526	-0.126236
50.6394043	1.745329
47.2872887	-2.0351119
48.8568954	2.3508489
43.2950211	5.3744869
43.52491	5.454144
51.473526	-0.248337
54.38587	30.41095
48.8568954	2.3508489
51.2703362	0.523841
50.8147125	-0.371387
43.1557083	-77.6125488
31.09752	77.1931
50.8553467	0.572475
52.5853348	-2.1319251
45.5090637	-73.55336
53.3830566	-1.464795
51.5001526	-0.126236
46.1587029	4.1721721
48.16244	16.38143
51.4263039	-0.052753
51.5001526	-0.126236
51.5001526	-0.126236
54.190094	-1.419106
43.77485	11.23864
45.51816	9.1055
43.3209038	-1.984514
39.35998	22.9366
24.3591843	72.2289124
42.29951	22.71412
38.00308	23.73592
51.8484268	-1.357298
45.43016	12.35571
46.1594925	15.0545158
50.798912	-1.091163
53.5412483	-2.11766
53.1422081	-1.61562
53.9375648	-2.5189979
53.9375648	-2.5189979
51.1275597	-3.004034
41.3879166	2.169919
40.83998	14.25254
45.4468	8.61964
32.5007591	-92.1112213
51.5001526	-0.126236
-37.8154602	144.9671631
53.3870735	-3.022126
51.5001526	-0.126236
51.5001526	-0.126236
51.5001526	-0.126236
55.5985832	-1.828956
37.8048286	-122.2724762
44.79467	10.32325
50.3703804	-4.142653
26.18388	91.74305
55.6099663	-4.499217
48.8568954	2.3508489
51.5001526	-0.126236
53.6473045	-3.0073299
37.62197	12.58841
52.37317	4.89066
52.4828987	-1.8934619
54.9305496	-97.431015
40.713047	-74.0072327
51.0655975	-1.287414
54.6504974	21.0699196
51.5001526	-0.126236
50.64391	5.57156
41.0909843	-73.9182358
40.6925278	-73.9909973
43.4017029	3.696641
57.5416718	-2.3346109
50.8992729	-1.1882679
51.4553146	-2.591902
53.0215073	-2.179147
53.410778	-2.977838
51.2703362	0.523841
53.3440971	-6.2674861
55.9553947	-2.7838459
55.1694145	-1.6914279
51.5001526	-0.126236
51.5001526	-0.126236
45.58231	9.27393
53.9375648	-2.5189979
46.58363	6.87499
39.7684517	-86.1562119
10.1825	-67.97962
41.3879166	2.169919
53.4449692	-2.320606
51.5001526	-0.126236
51.5001526	-0.126236
53.9375648	-2.5189979
51.0388489	-2.2781529
42.267498	2.96084
48.8568954	2.3508489
51.4553146	-2.591902
51.5001526	-0.126236
48.1391258	11.5802193
18.9690475	72.8211823
56.0188408	-3.718435
53.1979637	-2.733439
38.8920631	-77.0199127
34.0109329	-118.4915161
51.5001526	-0.126236
-34.9286919	138.6010132
48.8568954	2.3508489
54.6536942	-5.6743798
53.410778	-2.977838
48.8568954	2.3508489
44.5528374	-69.6313095
51.9377823	4.4625549
37.8048286	-122.2724762
48.8568954	2.3508489
50.44773	30.54272
50.75453	3.23179
52.5014725	13.402317
51.1909599	-0.387801
48.8898926	2.156481
44.0172195	1.358632
43.8909721	-0.497903
51.4056816	0.01435
50.88213	5.73032
55.8656845	-4.2571378
45.5160179	-122.681427
53.5442696	-2.631063
48.8568954	2.3508489
43.85818	18.41234
39.1036987	-84.5136108
53.6451569	-1.784927
47.2069588	7.5333118
51.4413948	0.368693
51.6548538	-0.398203
51.5001526	-0.126236
53.308773	-4.6327801
33.9065285	73.393692
52.23302	5.14511
47.35895	18.27734
52.5529289	-2.019511
51.1844254	-0.617529
41.89056	12.49427
47.6619377	9.1724253
50.75453	3.23179
43.10887	12.38793
51.7311287	0.674489
41.89056	12.49427
40.713047	-74.0072327
51.5001526	-0.126236
51.5001526	-0.126236
38.08202	23.5661
51.4109726	-0.834926
50.7859955	-0.675879
51.5001526	-0.126236
49.4925919	0.106503
49.5031128	1.29901
48.8708878	1.077718
49.4925919	0.106503
53.7500992	-2.4847109
33.8820763	-118.1252594
51.45504	-0.969088
51.5001526	-0.126236
48.6892014	2.529881
51.5522537	-0.30262
48.8111115	1.743739
50.8195229	-0.13642
51.0655975	-1.287414
41.4375343	22.6430492
50.8366394	-0.780178
48.16244	16.38143
52.37317	4.89066
53.1422081	-1.61562
53.8451653	-0.436108
52.036232	-4.4706659
51.5001526	-0.126236
51.5001526	-0.126236
48.8568954	2.3508489
36.6873194	-6.1290749
51.2251625	2.9138269
40.713047	-74.0072327
48.8338318	2.243232
58.84868	26.92649
39.9510612	-75.1656189
50.8261375	6.9015489
59.85707	30.02653
42.0521584	-87.6878662
47.0657768	2.491044
54.9778404	-1.612916
47.15981	27.5872
53.7938538	-1.752442
53.1979637	-2.733439
51.481308	-3.1804979
51.5001526	-0.126236
51.8667412	-2.2486701
45.06837	7.68307
57.1755853	-2.0906683
43.3679237	-124.2189636
45.1942558	5.7316689
40.4166908	-3.700346
48.8568954	2.3508489
41.83679	12.20725
51.3242912	-0.196146
51.4553146	-2.591902
51.5001526	-0.126236
52.3471832	14.5505219
52.3471832	14.5505219
54.764534	-3.3254039
55.9501915	-3.1875529
18.2360001	-77.3639984
52.124836	19.39991
25.07125	-77.35234
44.9390144	-123.0393066
51.5001526	-0.126236
53.5412483	-2.11766
53.3354034	-3.4063201
40.7000008	-73.8000031
-32.95924	-60.68348
49.2627983	4.0346999
51.5001526	-0.126236
55.0690231	-3.6077261
51.2703362	0.523841
51.5001526	-0.126236
49.6782761	8.602849
51.5001526	-0.126236
51.5001526	-0.126236
51.5001526	-0.126236
37.5471497	-122.3143997
40.713047	-74.0072327
51.5001526	-0.126236
51.5001526	-0.126236
45.1942558	5.7316689
48.11609	17.1045
52.5014725	13.402317
53.7996902	-1.549103
50.7668686	0.284804
49.4925919	0.106503
52.0593071	1.155672
48.2013855	16.5503197
52.2919998	-1.5369999
51.5001526	-0.126236
51.6711464	0.095439
51.5001526	-0.126236
48.16244	16.38143
53.3830566	-1.464795
40.4421692	-79.994957
51.5001526	-0.126236
51.4350166	-0.508783
50.9049644	-1.403234
18.48399	73.9332
53.81793	27.6169
51.5457878	-0.055418
53.7500992	-2.4847109
34.0522385	-118.2433472
51.5788078	-0.33376
47.9141655	1.964308
48.8568954	2.3508489
56.1846924	-3.0161519
46.3094635	-79.4616318
51.5001526	-0.126236
31.7199879	72.9799805
53.4807129	-2.234376
40.713047	-74.0072327
51.8667412	-2.2486701
52.2819443	-1.584471
53.2458267	-2.5355239
51.5197754	-0.071852
54.2706	-8.47164
38.00308	23.73592
45.01423	9.45094
51.5001526	-0.126236
55.4125977	-1.708956
53.410778	-2.977838
-36.8500938	144.3042908
56.0713806	-3.461617
48.8568954	2.3508489
51.2703362	0.523841
50.8195229	-0.13642
50.8195229	-0.13642
34.2574425	-88.7034073
55.9553947	-2.7838459
51.0146523	-3.103446
53.7996902	-1.549103
51.2364197	-0.570291
43.5513	7.0128002
41.5542603	-73.0430679
51.5001526	-0.126236
48.8568954	2.3508489
51.2703362	0.523841
48.8568954	2.3508489
51.4718552	4.6637082
51.5001526	-0.126236
50.8553467	0.572475
51.3396912	12.371356
54.19214	37.61645
41.3879166	2.169919
59.85707	30.02653
51.3307304	-0.270059
40.17397	44.50275
51.5001526	-0.126236
51.5001526	-0.126236
51.72977	18.5173
40.713047	-74.0072327
54.5972672	-5.930109
51.5620613	-0.073623
46.2038116	6.1399651
51.0932808	10.3802929
40.1124573	-88.2074585
45.3466415	-69.2161407
51.5001526	-0.126236
55.9501915	-3.1875529
10.3999977	-75.5
51.5001526	-0.126236
42.4182739	-78.6418304
51.5001526	-0.126236
51.4874725	-0.168683
54.190094	-1.419106
53.3830566	-1.464795
37.51568	15.09954
51.5001526	-0.126236
51.8796501	-0.417558
40.713047	-74.0072327
51.5001526	-0.126236
52.743679	-3.8854411
51.5001526	-0.126236
51.7853394	-0.812124
53.1979637	-2.733439
40.4166908	-3.700346
51.5001526	-0.126236
52.5014725	13.402317
59.01201	5.84054
-33.05225	-71.62078
51.5001526	-0.126236
48.8568954	2.3508489
51.4415855	-0.209846
47.2626915	11.3947039
46.8141823	-71.207428
50.43139	15.81471
50.8366394	-0.780178
38.10131	13.48826
51.4560013	-0.301
13.4218616	108.2577972
54.3227043	10.1359301
51.5001526	-0.126236
52.634861	-1.12906
51.4553146	-2.591902
51.5001526	-0.126236
52.045063	0.952799
24.3591843	72.2289124
51.5001526	-0.126236
55.73104	12.63935
51.7537422	-1.26346
53.6829643	-1.499097
53.8456039	-2.6142781
15.81068	78.03095
51.3396912	12.371356
51.4663773	0.008342
41.89056	12.49427
48.16244	16.38143
52.20653	21.07627
51.5001526	-0.126236
51.5001526	-0.126236
51.5001526	-0.126236
51.5001526	-0.126236
16.7506	96.24342
45.33192	16.39295
53.49107	14.58446
50.6469536	8.7034311
46.6237869	2.4555581
47.6548424	-2.759644
45.43822	28.05634
50.7668686	0.284804
51.5001526	-0.126236
50.8932266	0.055385
51.2703362	0.523841
39.1036987	-84.5136108
51.2364197	-0.570291
53.6829643	-1.499097
50.1662788	3.427413
52.20653	21.07627
51.4056816	0.01435
53.7996902	-1.549103
53.8456039	-2.6142781
53.5538406	9.9916477
3.58212	98.69517
51.2364197	-0.570291
51.5001526	-0.126236
50.9049644	-1.403234
40.713047	-74.0072327
54.0495872	-2.7984331
39.9078064	116.397583
51.6114006	-0.423744
53.5230408	-1.133762
51.5001526	-0.126236
51.5001526	-0.126236
52.1349983	-0.47
51.3372993	-0.1141
51.5001526	-0.126236
-45.8744	170.505
48.30609	14.28644
51.1954613	14.6582928
54.3267899	-2.7475779
53.4807129	-2.234376
55.8656845	-4.2571378
51.5001526	-0.126236
53.7577286	-2.70344
53.7996902	-1.549103
51.5001526	-0.126236
38.8191223	-82.1947556
53.3440971	-6.2674861
-37.6752243	144.4491577
50.8195229	-0.13642
51.8979912	-2.0713079
51.7204056	-3.8492019
52.3338051	-2.0635149
29.6070385	52.5246544
52.37317	4.89066
51.0196495	-4.2068982
53.1451111	-4.2687368
53.3830566	-1.464795
41.281456	-73.4984283
42.2814178	-83.7484741
53.4807129	-2.234376
52.4828987	-1.8934619
51.5001526	-0.126236
51.4874725	-0.168683
55.8656845	-4.2571378
55.8377419	-5.0541458
51.5001526	-0.126236
51.5001526	-0.126236
51.5001526	-0.126236
47.35895	18.27734
53.2897835	10.7310238
25.23241	87.08259
48.16244	16.38143
51.6797562	-4.1631508
52.8519592	-2.03231
49.3855209	5.1830559
51.5001526	-0.126236
51.5001526	-0.126236
50.2629509	-5.0507021
54.9044495	-1.381453
51.5001526	-0.126236
45.5090637	-73.55336
53.4302025	-1.356846
53.6451569	-1.784927
59.85707	30.02653
51.5001526	-0.126236
51.5001526	-0.126236
55.8656845	-4.2571378
50.0378265	15.7808332
39.5035515	-99.0183029
53.410778	-2.977838
48.16244	16.38143
46.0514259	14.5059652
39.0997925	-94.5785599
52.3139343	1.650984
46.17307	14.30086
51.6727867	-4.7025442
51.8011169	-4.9715371
51.481308	-3.1804979
33.4724922	-81.9643936
53.3265457	-3.8344591
55.5762634	-2.7880859
50.9049644	-1.403234
51.3726997	-0.1099
51.2703362	0.523841
53.7938538	-1.752442
36.438446	-94.2616501
53.5442696	-2.631063
51.5001526	-0.126236
56.1196289	9.3404064
51.4977303	-0.079718
51.5001526	-0.126236
39.3369179	-94.2306519
52.37317	4.89066
32.16985	34.90604
48.7771072	9.180769
55.75654	37.61492
41.7010231	-71.1553879
18.9690475	72.8211823
52.124836	19.39991
40.6925278	-73.9909973
34.0522385	-118.2433472
44.47028	26.04751
53.09668	-7.90936
51.5001526	-0.126236
41.5007057	-74.0213547
-41.29049	174.00567
44.943718	-93.0942841
51.5001526	-0.126236
43.6468773	-93.3686981
46.21657	24.58652
50.7216797	-1.878527
53.1336975	-1.006416
51.4874725	-0.168683
53.410778	-2.977838
56.2234077	-2.702704
51.5001526	-0.126236
51.5001526	-0.126236
53.8456039	-2.6142781
52.3953362	-0.727849
47.9548111	8.4915066
51.5396996	0.1422
53.99914	-7.35209
52.4811859	-0.475252
36.85638	10.29099
54.0006409	-2.5931871
48.16244	16.38143
49.9730148	9.1490126
51.5001526	-0.126236
41.4297943	-81.391716
47.0216064	7.4503932
43.7034264	7.2662649
41.2462502	-75.8811874
48.16244	16.38143
54.07533	-4.64921
52.9551163	-1.1491669
52.8975754	-1.270995
51.5001526	-0.126236
50.7218018	-3.533617
51.5001526	-0.126236
40.4865074	-86.1312408
48.21832	15.22982
50.42408	14.25844
43.0410728	-87.9094238
51.92291	4.47059
52.5014725	13.402317
49.4382896	17.0735435
51.5001526	-0.126236
41.6552963	-83.5357132
38.08202	23.5661
52.5321426	7.3230109
50.44773	30.54272
40.713047	-74.0072327
42.95053	17.16524
40.7315063	-74.1743851
49.8396835	24.0297165
55.75654	37.61492
46.6237869	2.4555581
-23.548666	-46.6382523
50.2697372	16.1108208
34.1495514	-118.141449
53.32687	15.17342
51.5001526	-0.126236
52.4063148	-1.508517
54.9778404	-1.612916
22.8090324	-80.0710907
-34.9286919	138.6010132
24.3591843	72.2289124
48.8568954	2.3508489
51.5001526	-0.126236
51.5001526	-0.126236
51.5001526	-0.126236
-45.8744	170.505
52.37317	4.89066
36.1553268	-95.9920807
52.3330193	-0.078987
47.01363	28.85691
46.64942	21.25901
-26.02319	28.21143
41.02429	14.49657
48.8568954	2.3508489
48.8568954	2.3508489
53.5538406	9.9916477
51.4860001	-0.31
55.9797897	-3.1736741
22.2753391	114.1654587
51.5001526	-0.126236
53.3440971	-6.2674861
50.798912	-1.091163
52.23302	5.14511
47.10256	6.8073
52.2348366	-0.897323
51.4874725	-0.168683
53.4807129	-2.234376
-37.8154602	144.9671631
48.7421112	-0.025299
45.27537	11.00759
51.4655571	6.7727728
52.20653	21.07627
52.5014725	13.402317
-32.86786	-68.84022
-20.1698	57.49808
51.5001526	-0.126236
51.5001526	-0.126236
51.5001526	-0.126236
52.9551163	-1.1491669
-33.92711	18.42006
51.8564262	-4.3105359
45.8334007	-64.2129822
50.814621	19.1040668
41.7657738	-72.6733551
51.92291	4.47059
44.8349953	-0.575495
50.447731	30.542717
40.713047	-74.0072327
52.5014725	13.402317
53.410778	-2.977838
40.713047	-74.0072327
1.289436	103.8499832
23.56879	121.37362
53.5538406	9.9916477
59.90881	18.26396
52.5853348	-2.1319251
51.5001526	-0.126236
55.3367653	23.9049377
54.4101524	32.4203033
51.3726997	-0.1099
51.5001526	-0.126236
51.7837105	-1.485517
47.3670006	8.5500002
53.7996902	-1.549103
51.4553146	-2.591902
40.6925278	-73.9909973
39.5035515	-99.0183029
-33.92711	18.42006
-45.8744	170.505
51.5001526	-0.126236
51.5001526	-0.126236
53.4084892	-2.1492929
51.5001526	-0.126236
59.2943	18.81345
55.3545799	-4.6860542
37.93131	15.3557
53.4226875	-3.0707049
56.1846924	-3.0161519
53.0257759	-2.1773951
-37.8154602	144.9671631
53.410778	-2.977838
39.0997925	-94.5785599
54.9778404	-1.612916
55.8656845	-4.2571378
51.5	-0.19
55.8806381	-3.152189
51.7959671	-0.078882
50.65841	3.81208
51.5001526	-0.126236
42.4819641	3.1273761
-34.4751511	150.4414825
44.47028	26.04751
39.9510612	-75.1656189
51.4874725	-0.168683
50.447731	30.542717
52.4828987	-1.8934619
39.9510612	-75.1656189
41.89056	12.49427
49.10693	33.45212
48.9061203	2.3318501
48.8568954	2.3508489
43.0521355	-78.8655853
55.8656845	-4.2571378
51.5001526	-0.126236
45.41476	9.77098
45.6928	9.69471
53.3440971	-6.2674861
45.5713272	14.2409105
48.8568954	2.3508489
52.20653	21.07627
40.9363823	-73.8313828
41.89056	12.49427
40.8256645	-74.1085281
43.94352	10.91999
51.5001526	-0.126236
62.5723763	-96.5671692
51.5001526	-0.126236
53.3830566	-1.464795
51.0787163	1.174085
51.5001526	-0.126236
53.3870735	-3.022126
52.4828987	-1.8934619
42.3947525	9.2062864
52.5014725	13.402317
51.5568504	-0.178441
50.1054649	3.5423679
-33.05078	-71.57094
47.2182655	-1.557181
51.4738083	-0.065558
46.64942	21.25901
52.46267	4.80573
51.5001526	-0.126236
53.7996902	-1.549103
54.190094	-1.419106
49.4925919	0.106503
40.713047	-74.0072327
55.8656845	-4.2571378
51.2978325	-1.945487
52.66924	-7.26631
55.9501915	-3.1875529
55.8656845	-4.2571378
55.8656845	-4.2571378
53.410778	-2.977838
57.1474762	-2.095396
54.3194962	-5.7185769
51.5001526	-0.126236
52.6281013	1.299349
51.5001526	-0.126236
51.5001526	-0.126236
38.8920631	-77.0199127
52.5014725	13.402317
24.85295	121.00392
41.2462502	-75.8811874
50.44773	30.54272
45.51816	9.1055
50.61656	4.44527
43.51636	16.24818
51.4310226	-2.185791
47.2182655	-1.557181
50.46244	4.87072
51.7358475	0.469706
28.1248264	-15.4300213
-41.24801	174.813
56.9137535	13.996664
41.6624146	-70.8118744
52.4828987	-1.8934619
53.8456039	-2.6142781
51.5001526	-0.126236
51.5001526	-0.126236
32.3765411	-86.2996597
36.6542091	137.9766693
48.8568954	2.3508489
44.48613	11.40769
50.447731	30.542717
52.2025452	0.131237
41.3879166	2.169919
51.5935516	-0.334098
43.52675	10.31033
47.35895	18.27734
51.5001526	-0.126236
52.1565933	5.3889241
48.8568954	2.3508489
51.5001526	-0.126236
51.5001526	-0.126236
45.5090637	-73.55336
53.1979637	-2.733439
55.9501915	-3.1875529
51.7537422	-1.26346
53.7259064	-1.356138
44.48613	11.40769
47.057869	-0.879455
47.0824699	2.3968489
52.634861	-1.12906
51.5001526	-0.126236
46.8141823	-71.207428
51.621582	-3.9433689
50.9417572	0.274891
39.0997925	-94.5785599
54.8950615	-2.933553
51.2364197	-0.570291
48.16244	16.38143
39.5095367	-76.1643219
28.6834729	-17.7650564
53.3830566	-1.464795
55.9501915	-3.1875529
51.0637512	-0.327003
60.8206482	11.3429308
53.3870735	-3.022126
51.752243	-0.338654
57.1474762	-2.095396
41.8832283	-87.6324005
45.79419	16.7979
45.93878	13.61307
30.11082	31.24789
51.3696175	-0.365666
51.5001526	-0.126236
51.5001526	-0.126236
41.0774727	-85.1374969
43.96739	25.33695
55.75654	37.61492
52.6835556	-1.822359
50.447731	30.542717
51.5001526	-0.126236
51.5001526	-0.126236
40.713047	-74.0072327
51.5568504	-0.178441
53.8456039	-2.6142781
51.5675049	-0.502178
53.074646	-0.809788
51.7537422	-1.26346
52.5097847	13.3144178
48.16244	16.38143
34.0522385	-118.2433472
-37.8154602	144.9671631
35.5959129	-82.5500412
54.5149651	9.5667725
51.6287842	-0.749466
59.2943	18.81345
50.9173088	0.483893
59.42265	16.65692
51.5001526	-0.126236
54.15329	-4.53249
35.6895485	139.691803
51.7631149	-0.74125
51.5001526	-0.126236
47.9322929	-119.0384903
50.83878	4.30201
52.634861	-1.12906
53.3440971	-6.2674861
51.5001526	-0.126236
55.75654	37.61492
49.9788589	18.9414845
51.0655975	-1.287414
49.8481712	3.288172
48.16244	16.38143
42.50248	12.77845
50.798912	-1.091163
50.798912	-1.091163
44.39257	8.96116
55.9501915	-3.1875529
53.7577286	-2.70344
51.8157921	-0.816662
43.0805893	-96.7725677
41.0848198	-81.5156097
51.2364197	-0.570291
53.3440971	-6.2674861
48.71444	30.2512
56.4614296	-2.968111
51.5001526	-0.126236
40.4421692	-79.994957
-37.8154602	144.9671631
51.5001526	-0.126236
4.606883	-74.0718384
51.0509911	13.733633
44.36668	8.04842
51.5001526	-0.126236
55.9501915	-3.1875529
7.6218448	80.7022095
37.54076	-77.4339294
51.22056	4.39931
50.3703804	-4.142653
52.9639816	36.0685081
52.4828987	-1.8934619
51.5001526	-0.126236
51.5001526	-0.126236
48.8568954	2.3508489
36.7196312	-4.4200001
46.8141823	-71.207428
51.5001526	-0.126236
53.7443428	-0.332443
50.4432068	2.71807
51.3307304	-0.270059
55.4234772	-5.606185
18.32953	-64.81605
48.8568954	2.3508489
53.6829643	-1.499097
53.1066208	-2.026757
50.8514519	-1.179016
51.8796501	-0.417558
51.4080009	-0.022
55.75654	37.61492
44.5271339	-109.0563507
43.92349	12.68086
51.5001526	-0.126236
35.6895485	139.691803
-33.8731995	151.2095947
-26.03026	27.9249
51.5001526	-0.126236
51.4080009	-0.022
52.20653	21.07627
51.481308	-3.1804979
51.7853394	-0.812124
55.8656845	-4.2571378
53.3440971	-6.2674861
51.5001526	-0.126236
55.0177689	-1.422886
51.4874725	-0.168683
55.9501915	-3.1875529
52.41811	16.87172
51.5568504	-0.178441
60.1690025	29.8591442
40.713047	-74.0072327
51.5001526	-0.126236
47.13166	7.38648
47.07506	15.44547
52.6281013	1.299349
29.8723068	-93.9341965
51.3848839	-2.361969
51.5135193	-0.270661
43.5686722	7.0741391
45.7391281	1.744735
55.6164818	-2.805037
52.5983658	1.183753
38.71609	-9.15226
55.9501915	-3.1875529
51.5001526	-0.126236
40.713047	-74.0072327
45.8285294	1.261754
50.44773	30.54272
59.2943	18.81345
52.2452126	0.403362
42.3329391	-83.0478363
51.5001526	-0.126236
53.410778	-2.977838
51.481308	-3.1804979
53.0257759	-2.1773951
52.2348366	-0.897323
43.543293	5.086185
-42.8832092	147.331665
51.0509911	13.733633
45.3269119	14.4409962
46.2038116	6.1399651
41.6750336	-86.2519608
51.5001526	-0.126236
51.4826012	7.1339021
46.8141823	-71.207428
20.97443	-101.29055
30.4501915	-91.2051086
37.1764832	-3.5979371
40.8261528	-73.9202652
54.2801361	-0.402401
39.5035515	-99.0183029
51.5001526	-0.126236
51.4860001	-0.31
47.35895	18.27734
48.8568954	2.3508489
51.5001526	-0.126236
50.75453	3.23179
44.48613	11.40769
50.3570061	11.1821051
51.4553146	-2.591902
47.925705	-97.0360718
51.5568504	-0.178441
45.06837	7.68307
52.41811	16.87172
52.3720665	9.7356863
42.3589935	-71.0586319
42.8876915	-78.8793716
51.5001526	-0.126236
53.7938538	-1.752442
56.28547	26.7224
48.8568954	2.3508489
48.0704651	-0.773598
-37.8154602	144.9671631
54.2801361	-0.402401
47.2182655	-1.557181
51.1275597	-3.004034
41.2586517	-95.9371948
52.4828987	-1.8934619
51.6979752	0.110219
53.7938538	-1.752442
51.5001526	-0.126236
51.4800453	-0.605945
36.1663437	-86.779068
51.2838593	-0.959574
48.8836288	2.272521
53.3440971	-6.2674861
35.2210503	-97.4459457
52.4828987	-1.8934619
40.6434975	-74.0762024
50.6087952	-2.4541459
41.4963493	-71.3082428
51.5001526	-0.126236
51.5001526	-0.126236
51.5001526	-0.126236
42.1400528	-0.40887
51.5001526	-0.126236
52.5014725	13.402317
50.832695	12.9242153
40.713047	-74.0072327
52.0105	4.35699
43.35886	1.174835
51.3623161	7.4631538
53.4807129	-2.234376
52.3720665	9.7356863
51.2364197	-0.570291
55.94804	-4.7603278
53.3440971	-6.2674861
51.8101692	0.56658
51.5001526	-0.126236
46.0514259	14.5059652
47.15981	27.5872
52.6281013	1.299349
37.7800789	-122.4201584
48.8568954	2.3508489
51.5001526	-0.126236
48.8568954	2.3508489
43.26076	11.97512
53.7938538	-1.752442
51.5383644	0.780173
55.3367653	23.9049377
53.2348633	-0.538436
47.3075218	-122.2257538
40.6925278	-73.9909973
40.713047	-74.0072327
41.6675262	-72.7834396
51.5001526	-0.126236
40.8025665	-74.2021713
53.7938538	-1.752442
48.1391258	11.5802193
48.1391258	11.5802193
41.07617	28.99678
48.5829468	7.7437539
51.5349693	-0.103746
50.76257	2.91152
51.5999985	17.2000008
40.71933	8.55667
48.8568954	2.3508489
51.5001526	-0.126236
59.2943	18.81345
52.124836	19.39991
53.500061	-2.23627
33.7735558	-84.2965622
50.8302193	-0.167831
41.7992783	-85.4187012
53.3830566	-1.464795
40.5250511	-111.8642044
53.7243805	-1.861577
51.9762955	-0.229986
40.6300812	-3.166085
51.5001526	-0.126236
59.85707	30.02653
46.64942	21.25901
51.5001526	-0.126236
54.5525703	-1.022398
8.42336	-63.70223
48.16244	16.38143
44.3511353	2.5735481
52.4063148	-1.508517
52.9551163	-1.1491669
53.02651	27.31356
15.3632364	74.0527039
42.4650383	-71.0085297
51.5001526	-0.126236
51.3897896	0.503732
51.5599365	-0.707196
51.5001526	-0.126236
51.5001526	-0.126236
45.43822	28.05634
39.9510612	-75.1656189
51.5001526	-0.126236
59.85707	30.02653
47.6619377	9.1724253
40.713047	-74.0072327
51.75905	19.4586
51.4800835	-0.198593
52.20653	21.07627
53.4226875	-3.0707049
51.481308	-3.1804979
53.3870735	-3.022126
40.713047	-74.0072327
46.51963	6.63213
40.7315063	-74.1743851
42.4264984	-71.0735474
33.9623795	-80.9645309
54.6566391	-1.676811
56.9706	23.13708
53.7938538	-1.752442
53.1914558	-2.8950069
52.1920357	-2.223532
36.8317261	-90.8226013
51.5001526	-0.126236
51.5001526	-0.126236
51.5133514	-0.304214
52.40737	19.45984
52.6682396	-1.003571
51.5001526	-0.126236
41.927063	-73.9976196
45.44716	15.49275
51.5001526	-0.126236
50.7193909	-1.981138
34.0522385	-118.2433472
51.3696175	-0.365666
51.4056816	0.01435
38.00308	23.73592
51.7537422	-1.26346
17.19651	-96.79341
54.5625	-125.1166
48.8568954	2.3508489
40.9475021	-90.3724899
41.3879166	2.169919
51.7537422	-1.26346
53.7996902	-1.549103
54.51563	36.26524
35.6895485	139.691803
41.9816475	2.823611
33.4151802	-111.8314972
40.62676	14.38085
47.0455399	8.308013
15.81068	78.03095
55.9501915	-3.1875529
28.63243	77.21879
51.5001526	-0.126236
43.0410728	-87.9094238
51.45504	-0.969088
54.5730057	-1.237911
51.5001526	-0.126236
53.6451569	-1.784927
31.0824528	121.4178391
46.8025017	7.1512809
48.1391258	11.5802193
47.2182655	-1.557181
39.6274834	-84.1590195
50.1067085	-5.550293
52.4828987	-1.8934619
39.5035515	-99.0183029
51.5001526	-0.126236
52.414711	-1.774296
52.20653	21.07627
40.071846	-2.134011
43.9274826	2.1480551
46.8141823	-71.207428
43.6518936	-79.3817139
51.5001526	-0.126236
53.9375648	-2.5189979
50.2629509	-5.0507021
51.2329102	-0.329744
51.4405899	7.5702982
51.5001526	-0.126236
41.89056	12.49427
38.6353569	-90.2009888
51.5001526	-0.126236
24.4795094	118.0894775
55.75654	37.61492
30.58749	32.2613
52.1298065	-0.289933
56.4614296	-2.968111
51.5001526	-0.126236
51.5001526	-0.126236
55.8656845	-4.2571378
38.0463562	-84.4970245
51.7393036	0.048118
53.4226875	-3.0707049
53.3830566	-1.464795
53.6126518	12.4295998
51.5001526	-0.126236
51.0509911	13.733633
47.50825	19.14001
51.5001526	-0.126236
50.9589233	-2.377984
53.9375648	-2.5189979
48.8568954	2.3508489
45.51816	9.1055
46.51963	6.63213
49.1920509	16.6131916
51.22056	4.39931
46.0713005	18.2331371
50.9417572	0.274891
51.5584221	-1.7820359
43.79	22.31166
48.8568954	2.3508489
48.16244	16.38143
51.4553146	-2.591902
38.71609	-9.15226
41.5486298	2.107444
46.6237869	2.4555581
51.3945	3.56357
48.8568954	2.3508489
45.7673073	4.8343072
52.2672806	8.0531883
46.4939079	5.3893442
53.7230453	-1.713536
51.5001526	-0.126236
55.9501915	-3.1875529
52.4828987	-1.8934619
51.5001526	-0.126236
55.877533	-4.3894129
51.5001526	-0.126236
40.4421692	-79.994957
53.9375648	-2.5189979
54.2801361	-0.402401
51.5001526	-0.126236
57.1474762	-2.095396
-43.5308	172.638
53.9375648	-2.5189979
51.5001526	-0.126236
51.8667412	-2.2486701
51.5001526	-0.126236
50.7647057	3.00611
-13.6207809	-172.4469452
51.0932808	10.3802929
39.1036987	-84.5136108
53.7443428	-0.332443
51.5001526	-0.126236
51.8248482	-3.0209081
52.6268196	-2.1923649
51.5001526	-0.126236
51.4508095	0.052248
51.4752007	-0.338743
-33.8731995	151.2095947
51.3848839	-2.361969
51.5001526	-0.126236
51.5001526	-0.126236
53.7500992	-2.4847109
51.5001526	-0.126236
53.2566833	-4.3123851
53.410778	-2.977838
30.11082	31.24789
55.8656845	-4.2571378
41.8832283	-87.6324005
52.2641525	10.5264235
40.6925278	-73.9909973
51.8101692	0.56658
51.752243	-0.338654
55.8656845	-4.2571378
-26.03026	27.9249
-26.03026	27.9249
41.8832283	-87.6324005
52.20653	21.07627
52.5014725	13.402317
51.5001526	-0.126236
53.456749	-2.8532259
54.6003799	-3.1362579
54.0006409	-2.5931871
51.537529	-0.904635
48.16244	16.38143
53.9577446	-1.0822591
52.8338394	13.8117609
50.61656	4.44527
51.5001526	-0.126236
51.5001526	-0.126236
52.8519592	-2.03231
54.3194962	-5.7185769
51.752243	-0.338654
49.2635651	-123.1385727
55.75654	37.61492
48.8568954	2.3508489
53.54671	45.16233
54.77972	31.80487
39.9078064	116.397583
41.5888214	-93.6203079
40.3901215	-3.5544
52.124836	19.39991
42.2621193	-71.8022385
52.634861	-1.12906
53.42716	-7.96201
51.5001526	-0.126236
52.634861	-1.12906
51.5001526	-0.126236
55.9501915	-3.1875529
51.0932808	10.3802929
50.64391	5.57156
52.41913	30.97227
53.6933327	-1.305009
55.75654	37.61492
50.7754288	6.0814919
51.5001526	-0.126236
52.7081757	-2.7543211
31.0824528	121.4178391
41.8832283	-87.6324005
49.1991577	14.2179232
50.9405327	6.9599061
46.64942	21.25901
24.3591843	72.2289124
51.0898361	16.4115143
53.1336975	-1.006416
41.89056	12.49427
50.9405327	6.9599061
52.67787	-6.29214
52.7081757	-2.7543211
49.2635651	-123.1385727
51.5001526	-0.126236
53.7577286	-2.70344
50.3703804	-4.142653
34.0109329	-118.4915161
52.6513252	-0.48007
55.1694145	-1.6914279
53.9375648	-2.5189979
52.045063	0.952799
43.0944633	-79.0564346
39.5035515	-99.0183029
36.438446	-94.2616501
38.6353569	-90.2009888
55.73104	12.63935
55.8656845	-4.2571378
48.8898926	2.156481
42.8876915	-78.8793716
52.4828987	-1.8934619
44.8349953	-0.575495
54.9778404	-1.612916
47.2182655	-1.557181
35.5333405	-100.9718781
51.3726997	-0.1099
41.89056	12.49427
51.5001526	-0.126236
45.43016	12.35571
51.2249565	6.7756691
50.8948364	12.5811777
54.0902214	12.1329279
51.5001526	-0.126236
51.8978729	-8.4710875
51.2249565	6.7756691
52.67787	-6.29214
51.4263	0.1024
49.6777611	9.0002213
51.5001526	-0.126236
38.6425743	-80.613739
55.9501915	-3.1875529
51.5001526	-0.126236
51.5001526	-0.126236
44.9774857	-93.2643661
52.3720665	9.7356863
53.1517372	16.7428913
6.9319658	79.8577499
41.3130417	-72.3313141
49.4505196	11.0804796
55.9501915	-3.1875529
51.5001526	-0.126236
53.5538406	9.9916477
48.4275017	-123.3672562
51.380722	0.529774
51.5001526	-0.126236
51.0146523	-3.103446
59.2943	18.81345
16.7390137	-62.1899109
51.8898048	0.901235
50.636982	-4.3600721
13.1714687	-59.5565147
17.97881	-76.79214
35.6895485	139.691803
51.0193634	-0.45398
48.8568954	2.3508489
48.8568954	2.3508489
52.2414513	0.582781
-37.8154602	144.9671631
51.4553146	-2.591902
41.4544067	-72.8184128
54.5950165	-5.7031088
41.8832283	-87.6324005
51.5001526	-0.126236
6.808404	-58.1613846
50.7603188	-3.8099051
51.3396912	12.371356
52.2025452	0.131237
51.5001526	-0.126236
52.3330193	-0.078987
51.8101692	0.56658
51.2703362	0.523841
35.6895485	139.691803
44.8349953	-0.575495
40.713047	-74.0072327
52.1920357	-2.223532
53.7310829	0.028656
40.4166908	-3.700346
52.8051414	-2.1163471
45.68403	12.21392
51.5189133	6.3268218
40.4166908	-3.700346
53.410778	-2.977838
50.9417572	0.274891
53.5934601	-2.2985401
54.5972672	-5.930109
51.5001526	-0.126236
51.3396912	12.371356
51.2703362	0.523841
48.8568954	2.3508489
44.83108	11.46846
51.5001526	-0.126236
51.5001526	-0.126236
-6.1581602	39.195343
51.8978729	-8.4710875
53.1979637	-2.733439
49.2635651	-123.1385727
52.20653	21.07627
55.9501915	-3.1875529
37.7800789	-122.4201584
51.5001526	-0.126236
24.8719387	66.98806
33.9222107	35.8953552
40.713047	-74.0072327
55.0508537	-6.9505372
42.8711205	-77.8855743
53.7938538	-1.752442
50.9405327	6.9599061
53.1367188	8.2165356
53.3440971	-6.2674861
34.0109329	-118.4915161
52.20653	21.07627
51.6195526	0.075664
55.9501915	-3.1875529
37.8048286	-122.2724762
39.9510612	-75.1656189
39.660656	-75.5618362
50.61656	4.44527
53.410778	-2.977838
51.5001526	-0.126236
51.5001526	-0.126236
48.8397255	2.4175341
-16.76249	-47.60651
51.5001526	-0.126236
51.3848839	-2.361969
47.35895	18.27734
51.05382	3.72227
37.8587723	-122.4840088
51.5001526	-0.126236
51.295784	-0.325929
51.7764626	0.111317
41.5055466	-81.6914978
38.08202	23.5661
51.2249565	6.7756691
40.713047	-74.0072327
51.2703362	0.523841
40.2696457	-81.8505173
54.190094	-1.419106
18.9690475	72.8211823
-33.92711	18.42006
51.2407951	-0.170087
51.5001526	-0.126236
37.8048286	-122.2724762
56.1128235	-3.160727
51.5001526	-0.126236
52.4828987	-1.8934619
52.0593071	1.155672
53.4430008	-1.949
51.5001526	-0.126236
55.9501915	-3.1875529
51.5001526	-0.126236
51.5001526	-0.126236
54.5493889	-3.5874729
51.5001526	-0.126236
51.5001526	-0.126236
51.5001526	-0.126236
51.4553146	-2.591902
55.9501915	-3.1875529
51.5001526	-0.126236
51.5001526	-0.126236
52.2743607	-3.0053599
51.4553146	-2.591902
51.2703362	0.523841
51.5001526	-0.126236
59.2943	18.81345
51.4891129	-0.11067
49.4423981	1.098464
51.5001526	-0.126236
54.7761002	-1.5733
51.4553146	-2.591902
51.5001526	-0.126236
54.9778404	-1.612916
51.5001526	-0.126236
55.0690231	-3.6077261
51.5001526	-0.126236
51.7959671	-0.078882
51.277256	1.0804549
53.3440971	-6.2674861
51.5457878	-0.055418
54.3235588	-2.5283041
55.9501915	-3.1875529
55.9501915	-3.1875529
52.5733871	-0.248461
51.2703362	0.523841
51.5001526	-0.126236
56.1162872	-3.795366
51.5001526	-0.126236
43.77485	11.23864
54.3194962	-5.7185769
51.8978729	-8.4710875
43.77485	11.23864
51.5001526	-0.126236
52.6281013	1.299349
52.1920357	-2.223532
53.2348633	-0.538436
48.8568954	2.3508489
53.9577446	-1.0822591
53.3167686	13.8603239
51.5001526	-0.126236
51.5001526	-0.126236
51.2364197	-0.570291
55.8322144	-3.1103539
51.5001526	-0.126236
54.7761002	-1.5733
51.5001526	-0.126236
51.5001526	-0.126236
51.5001526	-0.126236
53.4807129	-2.234376
54.9778404	-1.612916
51.2780037	0.121731
52.6281013	1.299349
53.3440971	-6.2674861
55.9501915	-3.1875529
52.5529289	-2.019511
51.5001526	-0.126236
54.9778404	-1.612916
50.958004	1.852443
52.3794937	4.6377182
52.9218979	-1.475642
51.5001526	-0.126236
41.89056	12.49427
54.8950615	-2.933553
51.4874725	-0.168683
51.5001526	-0.126236
51.5001526	-0.126236
51.5001526	-0.126236
54.0006409	-2.5931871
52.6281013	1.299349
52.9551163	-1.1491669
32.16985	34.90604
51.5001526	-0.126236
51.2703362	0.523841
51.8157921	-0.816662
51.5001526	-0.126236
51.5001526	-0.126236
51.2364197	-0.570291
51.5001526	-0.126236
51.5001526	-0.126236
55.9501915	-3.1875529
48.3485384	8.0685452
51.5001526	-0.126236
54.5445404	-1.9274369
32.16985	34.90604
53.3830566	-1.464795
51.5001526	-0.126236
50.75453	3.23179
51.8979912	-2.0713079
51.5001526	-0.126236
55.8656845	-4.2571378
48.8987236	11.9295197
51.5001526	-0.126236
46.77869	6.6414
41.89056	12.49427
52.37317	4.89066
51.7358475	0.469706
54.190094	-1.419106
35.348629	128.3776093
48.1391258	11.5802193
51.5001526	-0.126236
51.5001526	-0.126236
54.9778404	-1.612916
53.3896294	-2.346828
53.5499992	9.9333296
52.4828987	-1.8934619
38.8920631	-77.0199127
51.5710297	-0.339781
51.72977	18.5173
51.295784	-0.325929
51.0932808	10.3802929
50.8737984	8.023407
52.0559921	-2.7175469
53.1422081	-1.61562
53.5442696	-2.631063
55.8656845	-4.2571378
54.5972672	-5.930109
50.1185951	-5.5371509
53.7996902	-1.549103
51.6797562	-4.1631508
48.8568954	2.3508489
51.481308	-3.1804979
61.5994453	-149.1223907
50.9982948	5.862915
55.9501915	-3.1875529
53.4807129	-2.234376
-27.4709587	153.0253143
50.4082298	1.592122
51.5001526	-0.126236
-37.8154602	144.9671631
37.9575424	-121.29245
51.277256	1.0804549
33.6061707	130.4181061
47.2069588	7.5333118
52.5014725	13.402317
51.22056	4.39931
-26.03026	27.9249
51.5001526	-0.126236
51.5001526	-0.126236
54.5972672	-5.930109
51.2364197	-0.570291
23.9316235	-102.5076294
51.5001526	-0.126236
51.5001526	-0.126236
48.8568954	2.3508489
52.37317	4.89066
40.0168724	-105.2796249
4.60688	-74.07184
42.0746574	-93.500061
51.2364197	-0.570291
51.5001526	-0.126236
55.9501915	-3.1875529
48.16244	16.38143
51.5001526	-0.126236
55.6097298	-4.2818179
51.5001526	-0.126236
48.71444	30.2512
51.7136726	-3.4450891
53.2348633	-0.538436
49.7942543	9.9274893
52.6076927	1.732991
19.4326782	-99.1342087
42.1846771	-87.8021088
48.898571	-1.48666
40.713047	-74.0072327
57.03816	24.06998
53.0620346	-8.7058067
51.481308	-3.1804979
44.9774857	-93.2643661
53.9375648	-2.5189979
51.5001526	-0.126236
55.8656845	-4.2571378
51.5001526	-0.126236
46.6237869	2.4555581
64.1472092	-21.9424
51.676899	-0.607666
51.179306	7.1939359
47.9959488	-4.0999222
52.4828987	-1.8934619
51.3307304	-0.270059
41.8832283	-87.6324005
35.6895485	139.691803
40.9599991	-75.974472
32.2218781	-110.9712219
53.2483177	-3.136555
39.7993584	-89.6436234
47.3670006	8.5500002
40.713047	-74.0072327
53.6829643	-1.499097
24.8719387	66.98806
53.6527443	-2.632412
53.9375648	-2.5189979
53.7243805	-1.861577
40.7584763	-111.8881454
55.1694145	-1.6914279
48.7771072	9.180769
50.7668686	0.284804
52.20653	21.07627
48.8568954	2.3508489
51.5884399	-1.866302
51.5001526	-0.126236
51.5001526	-0.126236
53.9375648	-2.5189979
32.92565	35.17891
32.11804	34.8392
32.16985	34.90604
31.8824	34.82845
32.10446	34.87397
53.3440971	-6.2674861
41.2330132	-80.4953461
48.7771072	9.180769
41.6340485	-70.9276581
-26.03026	27.9249
-22.90145	-43.17892
54.9778404	-1.612916
53.7577286	-2.70344
40.896698	-77.8388977
51.5001526	-0.126236
49.2635651	-123.1385727
17.45199	78.4125
32.3765411	-86.2996597
38.2514877	-122.0498505
52.4828987	-1.8934619
-41.24801	174.813
51.5001526	-0.126236
53.1914558	-2.8950069
41.8832283	-87.6324005
60.9833	25.4545
51.2703362	0.523841
40.713047	-74.0072327
51.5001526	-0.126236
51.8022003	-0.209554
-3.718462	-38.5416679
53.308773	-4.6327801
51.0932808	10.3802929
43.77485	11.23864
51.5001526	-0.126236
52.7707748	-1.204347
54.9778404	-1.612916
-23.548666	-46.6382523
-26.24466	28.00687
51.22056	4.39931
42.3589935	-71.0586319
35.6895485	139.691803
51.5001526	-0.126236
40.8595047	-74.1257706
-37.8154602	144.9671631
51.4553146	-2.591902
41.4549332	-82.7109604
32.11804	34.8392
51.7358475	0.469706
55.8454208	-4.423594
55.8656845	-4.2571378
53.3440971	-6.2674861
50.8069267	-2.332969
37.7800789	-122.4201584
52.2348366	-0.897323
52.5853348	-2.1319251
34.6861992	135.5196075
-23.548666	-46.6382523
-33.92711	18.42006
51.5001526	-0.126236
51.3708572	-0.492792
48.16244	16.38143
30.0587521	-94.7958755
53.7528305	-2.3642011
37.8847237	-4.7791271
56.4614296	-2.968111
54.1951561	-3.0921659
36.02799	14.29354
48.8568954	2.3508489
52.8338394	13.8117609
7.45	-80.2667
46.8141823	-71.207428
41.21492	28.73538
55.73104	12.63935
52.0593071	1.155672
55.8656845	-4.2571378
52.4063148	-1.508517
40.713047	-74.0072327
47.3670006	8.5500002
-34.60903	-58.37322
39.5095367	-76.1643219
50.7780304	7.9489722
40.713047	-74.0072327
33.6087685	-117.8733597
40.0772095	-75.0769501
55.8454208	-4.423594
36.2676506	49.9997787
48.8568954	2.3508489
46.98404	8.61714
51.4123154	-0.300443
53.3354721	-2.7288949
-0.608928	30.6604309
40.713047	-74.0072327
40.6149635	-74.4173355
-16.68052	-49.25613
51.5001526	-0.126236
50.17502	35.51391
10.1825	-67.97962
34.0522385	-118.2433472
42.1948471	-71.2003784
52.0230675	8.5332117
-37.12853	-56.87847
39.7993584	-89.6436234
51.8796501	-0.417558
55.9501915	-3.1875529
51.0146523	-3.103446
53.8696251	10.6875868
-23.548666	-46.6382523
-34.71886	-58.46845
23.9316235	-102.5076294
51.5001526	-0.126236
53.7868767	-2.245322
50.61656	4.44527
46.9480019	7.4481311
39.9510612	-75.1656189
38.8920631	-77.0199127
53.9375648	-2.5189979
33.2278214	-91.7975006
49.50471	5.98799
42.3589935	-71.0586319
31.0824528	121.4178391
37.8690567	-122.270462
40.6925278	-73.9909973
30.5037022	-90.4582901
40.8078346	-73.2581711
48.16244	16.38143
40.713047	-74.0072327
41.8832283	-87.6324005
62.4709396	6.154635
40.713047	-74.0072327
51.5001526	-0.126236
40.3124	20.01444
34.9767609	138.3831024
40.00252	32.86733
-22.90145	-43.17892
40.7615318	-73.8311157
51.5001526	-0.126236
38.6705742	-96.9435883
46.8769608	-96.7846375
44.9774857	-93.2643661
51.5110321	7.4635191
35.5959129	-82.5500412
40.6925278	-73.9909973
34.4048309	133.1936951
51.2469063	22.5736179
40.6619263	-74.2116547
-33.05078	-71.57094
53.4807129	-2.234376
51.3071709	-2.504709
37.974575	-122.531868
55.75654	37.61492
49.9004974	-97.1393127
52.5014725	13.402317
23.1281376	-82.3897171
51.5001526	-0.126236
40.4166908	-3.700346
51.5326042	9.928442
32.60364	35.28439
43.6039505	1.444509
51.5001526	-0.126236
52.5853348	-2.1319251
51.3307304	-0.270059
23.1281376	-82.3897171
40.713047	-74.0072327
51.5001526	-0.126236
34.0522385	-118.2433472
49.4505196	11.0804796
14.58226	120.9748
52.4828987	-1.8934619
34.1495514	-118.141449
53.6163521	-2.15871
53.1979637	-2.733439
55.73104	12.63935
-39.0336	174.11586
30.98102	-91.8918076
31.0824528	121.4178391
50.92696	11.5869646
-34.60903	-58.37322
47.6590004	-117.4250259
51.3726997	-0.1099
51.0509911	13.733633
51.499	5.45697
39.9078064	116.397583
0.53595	101.40264
55.1694145	-1.6914279
24.85295	121.00392
51.5001526	-0.126236
45.81491	15.97851
10.3999977	-75.5
-10.7522001	-53.0811806
19.4326782	-99.1342087
50.0157242	20.9865971
52.1759644	7.5273738
53.8456039	-2.6142781
52.20653	21.07627
49.22302	18.74398
51.1531372	14.975297
55.7755508	-4.0475559
56.4614296	-2.968111
55.73104	12.63935
55.45332	8.42664
35.6895485	139.691803
-1.30103	36.81425
45.06837	7.68307
-19.9181767	-43.9370537
40.713047	-74.0072327
-22.90145	-43.17892
47.8005	13.04441
44.63891	21.19119
40.8261528	-73.9202652
35.35834	43.84012
49.0630379	-122.2513504
51.2251625	2.9138269
40.6060143	-74.277504
53.410778	-2.977838
49.6889305	14.0095901
36.2311287	137.9645996
40.9599991	-75.974472
37.7800789	-122.4201584
24.9069996	118.586998
55.9501915	-3.1875529
39.9078064	116.397583
51.3317032	6.5593538
52.634861	-1.12906
-17.83282	25.86118
51.5001526	-0.126236
43.60832	13.50217
-24.77933	-65.42819
-19.9181767	-43.9370537
-33.05078	-71.57094
51.22056	4.39931
34.0522385	-118.2433472
50.7702789	15.0585737
55.8656845	-4.2571378
40.415535	-82.7093582
45.5689	8.05338
43.3209038	-1.984514
-34.60903	-58.37322
40.7861443	-124.1613083
52.2690697	5.6114011
-10.7522001	-53.0811806
-34.60903	-58.37322
55.3367653	23.9049377
34.1603012	135.2910004
51.4415855	-0.209846
51.3834152	1.383275
32.67453	-95.7095718
50.2629509	-5.0507021
53.9375648	-2.5189979
43.4614105	-3.809303
53.1979637	-2.733439
-11.91017	-76.52926
50.0746613	-85.828743
55.8656845	-4.2571378
55.8656845	-4.2571378
44.0207977	-88.5400162
40.7434654	-74.029068
-11.91017	-76.52926
3.9067769	-73.0838852
23.1281376	-82.3897171
53.1914558	-2.8950069
35.6987572	-0.631563
3.9067769	-73.0838852
51.5001526	-0.126236
34.0522385	-118.2433472
52.124836	19.39991
51.8979912	-2.0713079
53.6451569	-1.784927
47.0335197	-109.6451263
54.3227043	10.1359301
41.8244629	-71.4127502
62.5723763	-96.5671692
52.1509018	9.9510012
49.0080833	8.4037561
46.6237869	2.4555581
42.3589935	-71.0586319
48.7771072	9.180769
41.12591	16.87211
50.7193909	-1.981138
47.3670006	8.5500002
54.6536942	-5.6743798
55.3367653	23.9049377
50.9445724	3.1234181
51.5001526	-0.126236
51.5001526	-0.126236
22.73885	88.38524
51.5001526	-0.126236
50.0818634	10.5703173
51.5001526	-0.126236
41.3879166	2.169919
32.5706711	54.3004799
47.6032295	-122.3302765
40.3470993	-74.0649643
49.6315117	8.6434488
50.50228	24.76038
51.5001526	-0.126236
52.124836	19.39991
40.6925278	-73.9909973
23.9416828	90.2865295
52.124836	19.39991
47.44541	19.03237
51.5001526	-0.126236
46.6237869	2.4555581
34.0522385	-118.2433472
50.3703804	-4.142653
23.9316235	-102.5076294
-10.7522001	-53.0811806
51.5001526	-0.126236
51.4415855	-0.209846
31.7903	35.22403
43.96739	25.33695
53.2608452	-2.12819
-34.60903	-58.37322
10.06069	-69.19703
31.0824528	121.4178391
23.1290798	113.2643585
49.8396835	24.0297165
48.61423	17.73128
48.5829468	7.7437539
18.02257	-90.88193
40.8261528	-73.9202652
53.8099174	10.3728514
10.1825	-67.97962
39.7384529	-104.9848557
51.1181221	13.9223347
51.5001526	-0.126236
36.4375496	127.8334885
51.0256462	11.5164185
47.2182655	-1.557181
7.6456	-62.54874
-34.60903	-58.37322
51.5326042	9.928442
50.0878105	14.4204597
51.0655975	-1.287414
53.4807129	-2.234376
51.5404129	0.711756
53.3440971	-6.2674861
30.58749	32.2613
39.9769669	141.2263947
56.4104118	-5.4697232
56.0348167	9.3190718
-26.03026	27.9249
53.410778	-2.977838
54.9778404	-1.612916
51.5001526	-0.126236
44.86479	20.34647
38.90692	16.59451
54.5972672	-5.930109
38.71609	-9.15226
-17.03426	-39.54493
23.1281376	-82.3897171
52.20653	21.07627
48.16244	16.38143
44.42105	26.03441
55.75654	37.61492
52.4828987	-1.8934619
40.713047	-74.0072327
-10.05296	-78.15726
4.6360159	9.443471
48.8968277	2.256541
52.6874886	7.2911339
19.4326782	-99.1342087
52.5014725	13.402317
40.713047	-74.0072327
53.3440971	-6.2674861
40.713047	-74.0072327
12.1393204	-86.2609634
-11.91017	-76.52926
4.606883	-74.0718384
40.8482552	-90.6134491
51.5001526	-0.126236
53.4807129	-2.234376
51.7537422	-1.26346
55.9852257	-4.5774078
36.6542091	137.9766693
34.6861992	135.5196075
33.79536	35.484
39.3564682	-116.6554031
-22.90145	-43.17892
-34.60903	-58.37322
48.16244	16.38143
46.6237869	2.4555581
53.5529327	-1.481272
53.5538406	9.9916477
30.6335869	-92.4151764
51.5838127	0.707085
21.0539284	-77.3497162
55.9501915	-3.1875529
38.71609	-9.15226
50.8092499	-0.540663
53.1422081	-1.61562
34.8998032	-92.4391556
53.9375648	-2.5189979
53.5230408	-1.133762
54.5730057	-1.237911
52.2348366	-0.897323
51.5001526	-0.126236
4.60688	-74.07184
16.598896	104.7793655
-23.548666	-46.6382523
23.1281376	-82.3897171
54.510952	-6.0427561
10.14402	-67.92699
-39.94364	176.58771
40.713047	-74.0072327
34.0522385	-118.2433472
51.5001526	-0.126236
48.8568954	2.3508489
47.35895	18.27734
48.4275017	-123.3672562
41.89056	12.49427
-19.4911	-41.05742
37.6860237	-97.3355713
51.5001526	-0.126236
54.0006409	-2.5931871
51.4123154	-0.300443
51.3726997	-0.1099
42.3329391	-83.0478363
52.2025452	0.131237
54.190094	-1.419106
54.190094	-1.419106
51.2703362	0.523841
51.4413948	0.368693
43.39103	23.23103
54.5972672	-5.930109
51.5001526	-0.126236
25.57751	85.12285
38.00308	23.73592
51.5901985	-0.017402
52.67787	-6.29214
51.5001526	-0.126236
42.7753143	12.5498514
41.3551674	-72.0995636
-33.92711	18.42006
52.1920357	-2.223532
45.06837	7.68307
45.60789	8.05756
40.6925278	-73.9909973
53.9375648	-2.5189979
52.4828987	-1.8934619
-20.1698	57.49808
50.5108681	14.1504536
55.8656845	-4.2571378
57.7817993	14.1585093
51.2249565	6.7756691
-10.7522001	-53.0811806
52.5635643	-1.825187
39.70084	141.137207
37.5682945	126.9977875
36.6542091	137.9766693
51.5001526	-0.126236
42.3589935	-71.0586319
57.1474762	-2.095396
51.76644	18.08683
38.71609	-9.15226
49.7392387	15.3318014
24.85295	121.00392
52.20653	21.07627
41.5055466	-81.6914978
19.4326782	-99.1342087
55.8656845	-4.2571378
39.5035515	-99.0183029
48.1391258	11.5802193
54.0006409	-2.5931871
52.1915703	-1.706989
51.5001526	-0.126236
-26.03026	27.9249
52.2025452	0.131237
30.58749	32.2613
42.3329391	-83.0478363
40.6207161	-75.3784866
42.2018433	-72.6219177
51.3168068	-0.55908
33.9222107	35.8953552
33.9222107	35.8953552
48.9544067	2.416317
29.99319	31.23293
35.6863976	51.4328575
35.6863976	51.4328575
35.6863976	51.4328575
53.4226875	-3.0707049
41.21492	28.73538
53.21447	6.56648
45.3269119	14.4409962
49.0699997	-122.4294739
50.7265	19.37649
52.2025452	0.131237
22.67257	120.49001
38.00308	23.73592
53.7996902	-1.549103
33.9222107	35.8953552
51.5001526	-0.126236
45.81491	15.97851
24.3591843	72.2289124
52.03788	4.3565
23.8469	120.46104
13.697	100.4971
33.7717133	-118.1813126
41.8832283	-87.6324005
53.9375648	-2.5189979
51.5001526	-0.126236
32.7498398	129.8675995
35.0209084	135.7554016
35.8406639	137.9655914
-8.05519	-34.87118
-22.85118	-42.2561
49.9740219	6.522583
59.90881	18.26396
40.713047	-74.0072327
38.71609	-9.15226
-33.92711	18.42006
32.10446	34.87397
35.0286102	38.5132027
49.7392387	15.3318014
32.5706711	54.3004799
33.9222107	35.8953552
33.75839	35.8734
36.20188	36.17379
51.1428719	0.322238
33.5019798	36.2980499
51.5001526	-0.126236
50.9405327	6.9599061
48.8568954	2.3508489
52.20653	21.07627
45.51816	9.1055
38.71609	-9.15226
51.9177589	-0.660928
-23.548666	-46.6382523
51.5001526	-0.126236
55.75654	37.61492
55.75654	37.61492
-36.5711098	146.0068054
51.3201065	-2.2080469
50.7216797	-1.878527
38.6353569	-90.2009888
-9.6586	-35.71649
51.0932808	10.3802929
53.9375648	-2.5189979
54.43311	18.64527
-37.12853	-56.87847
30.58749	32.2613
-33.05078	-71.57094
40.8261528	-73.9202652
37.77535	32.41367
30.58749	32.2613
35.6863976	51.4328575
35.6863976	51.4328575
35.6895485	139.691803
51.675621	6.1558552
4.60688	-74.07184
6.81112	6.01868
35.6895485	139.691803
-26.03026	27.9249
51.5001526	-0.126236
42.7261276	-87.7894592
52.5014725	13.402317
55.8656845	-4.2571378
55.9501915	-3.1875529
39.9627609	-82.9962921
-38.1464157	144.3625641
49.8460007	7.8600821
51.0932808	10.3802929
51.3388672	7.0427108
36.2676506	49.9997787
51.3201065	-2.2080469
53.4807129	-2.234376
53.9244843	-1.823387
42.3329391	-83.0478363
39.9199905	-86.2817993
51.5001526	-0.126236
31.7903	35.22403
43.96739	25.33695
51.9414482	-1.5457489
42.3329391	-83.0478363
15.9864082	29.9495697
26.41179	80.32748
6.9319658	79.8577499
22.3303642	91.832634
30.4407406	-84.2783279
50.61656	4.44527
51.8153191	-0.355713
33.4056282	-86.9617462
51.0721588	1.08813
55.8656845	-4.2571378
54.1867104	-1.4843349
